
                  [38;2;135;82;99m*[38;2;130;103;117m*[38;2;144;166;168m=[38;2;165;216;216m:[38;2;151;208;208m-[38;2;138;204;204m-[38;2;139;202;202m-[38;2;118;194;191m-[38;2;89;61;76m#[38;2;154;65;88m*[0m
                 [38;2;97;146;153m+[38;2;71;105;117m*[38;2;126;194;196m-[38;2;170;214;214m:[38;2;193;224;223m:[38;2;153;212;213m-[38;2;161;214;214m-[38;2;133;203;205m-[38;2;138;213;212m-[38;2;102;132;141m+[38;2;99;87;104m*[38;2;100;186;186m=[0m
               [38;2;171;213;210m:[38;2;159;215;217m:[38;2;65;156;167m+[38;2;42;121;132m*[38;2;119;159;162m=[38;2;184;197;198m-[38;2;205;215;211m:[38;2;194;213;209m:[38;2;191;202;201m:[38;2;123;167;172m=[38;2;141;207;208m-[38;2;94;150;154m+[38;2;40;118;130m*[38;2;111;188;194m=[38;2;189;222;222m:[0m
              [38;2;144;205;203m-[38;2;140;214;215m-[38;2;64;152;162m+[38;2;12;94;111m#[0m [38;2;40;50;54m%[38;2;221;218;209m:[38;2;255;232;222m.[38;2;255;224;215m.[38;2;235;233;224m.[38;2;158;180;180m-[38;2;68;91;102m*[0m [38;2;36;111;123m*[38;2;43;132;145m*[38;2;134;206;211m-[38;2;160;212;209m-[0m
             [38;2;100;176;177m=[38;2;108;194;197m=[38;2;38;123;135m*[0m    [38;2;163;193;206m-[38;2;108;171;182m=[38;2;178;194;210m-[38;2;162;178;199m-[38;2;216;211;216m:[0m   [38;2;36;95;105m#[38;2;29;116;130m*[38;2;128;205;206m-[38;2;126;188;186m=[0m
            [38;2;63;149;157m+[38;2;71;152;158m+[38;2;10;82;95m#[0m   [38;2;238;233;226m.[0m [38;2;178;240;245m:[38;2;97;198;209m=[38;2;219;235;240m.[38;2;235;244;248m.[0m  [38;2;255;188;200m:[0m [38;2;99;141;148m+[38;2;69;116;122m*[38;2;55;137;145m+[38;2;112;190;191m=[38;2;88;151;151m+[0m
           [38;2;74;153;160m+[38;2;50;134;144m*[38;2;0;51;64m%[0m   [38;2;53;53;59m%[38;2;198;195;199m-[38;2;235;255;255m.[38;2;51;197;202m=[38;2;226;240;244m.[0m  [38;2;204;188;201m-[38;2;200;196;193m-[38;2;177;173;177m-[38;2;108;112;112m*[0m [38;2;61;146;154m+[38;2;50;119;129m*[38;2;63;149;160m+[38;2;95;172;176m=[38;2;47;132;145m*[0m
         [38;2;130;192;186m-[38;2;103;180;182m=[38;2;50;131;142m*[38;2;18;59;72m%[0m    [38;2;57;46;50m%[38;2;168;152;157m=[38;2;138;217;221m-[38;2;50;188;194m=[0m  [38;2;218;222;239m:[38;2;164;170;217m-[0m [38;2;80;77;78m#[38;2;117;105;105m*[38;2;109;100;100m*[38;2;92;75;75m#[0m [38;2;34;114;129m*[38;2;77;155;164m+[38;2;76;162;173m+[38;2;70;151;160m+[38;2;86;162;168m+[38;2;54;131;146m*[0m
        [38;2;105;176;177m=[38;2;112;192;194m=[38;2;44;128;141m*[38;2;29;88;100m#[0m    [38;2;101;99;99m*[38;2;72;64;67m#[38;2;189;182;191m-[38;2;89;207;211m-[38;2;39;194;202m=[38;2;229;238;242m.[0m [38;2;193;194;217m-[0m   [38;2;63;54;57m#[38;2;90;81;83m#[38;2;101;93;95m*[38;2;98;108;112m*[38;2;125;134;143m+[38;2;66;144;153m+[38;2;72;153;164m+[38;2;65;146;157m+[38;2;95;178;187m=[38;2;107;176;180m=[38;2;111;177;178m=[38;2;70;138;145m+[0m
      [38;2;86;150;154m+[38;2;88;166;170m=[38;2;134;205;205m-[38;2;81;160;168m+[38;2;34;108;125m*[0m   [38;2;88;134;143m+[38;2;83;88;94m*[38;2;64;58;62m#[38;2;133;132;137m+[0m [38;2;136;198;201m-[38;2;71;150;159m+[0m   [38;2;230;230;239m.[38;2;245;238;243m.[0m   [38;2;60;56;60m#[38;2;69;69;75m#[38;2;68;76;84m#[38;2;66;75;81m#[38;2;66;105;113m*[38;2;59;108;118m*[38;2;38;108;121m*[38;2;67;149;159m+[38;2;123;199;203m-[38;2;129;195;197m-[38;2;91;158;164m+[38;2;86;145;152m+[0m
     [38;2;90;152;155m+[38;2;93;159;163m+[38;2;144;207;205m-[38;2;120;190;194m=[38;2;61;136;147m+[0m  [38;2;0;42;59m%[38;2;53;75;83m#[38;2;56;62;70m#[38;2;33;33;41m%[38;2;100;109;115m*[0m  [38;2;125;117;122m+[38;2;34;24;31m@[38;2;197;198;200m-[0m    [38;2;161;184;187m-[38;2;61;72;77m#[38;2;107;67;67m#[0m [38;2;28;28;33m%[38;2;38;39;46m%[38;2;39;51;59m%[38;2;60;70;78m#[38;2;112;127;131m+[38;2;117;140;144m+[38;2;143;155;160m=[38;2;93;148;159m+[38;2;112;177;182m=[38;2;163;222;220m:[38;2;125;189;192m-[38;2;94;159;165m+[38;2;110;144;149m+[38;2;148;180;180m-[0m
    [38;2;115;174;174m=[38;2;100;163;166m=[38;2;142;205;204m-[38;2;148;205;202m-[38;2;80;158;168m+[38;2;60;127;138m*[0m [38;2;153;172;172m=[38;2;118;138;142m+[38;2;91;102;109m*[38;2;52;69;78m#[38;2;22;38;46m%[38;2;76;85;91m#[38;2;169;181;184m-[38;2;204;213;218m:[38;2;79;80;88m#[38;2;48;47;54m%[38;2;55;51;57m%[38;2;165;166;171m=[38;2;159;177;189m-[38;2;109;126;134m+[38;2;67;80;85m#[38;2;54;58;64m#[38;2;77;91;98m*[38;2;68;115;121m*[38;2;43;165;172m+[0m   [38;2;180;210;210m:[38;2;245;243;236m.[38;2;210;213;210m:[38;2;142;161;168m=[38;2;133;165;170m=[38;2;0;79;100m#[38;2;123;182;186m=[38;2;181;229;225m:[38;2;157;215;214m-[38;2;112;172;176m=[38;2;106;141;141m+[38;2;124;165;165m=[0m
   [38;2;116;175;177m=[38;2;106;164;166m=[38;2;120;183;185m=[38;2;154;214;212m-[38;2;141;198;198m-[38;2;69;143;155m+[38;2;51;119;127m*[0m [38;2;197;182;186m-[38;2;227;205;207m:[0m  [38;2;29;109;121m*[38;2;53;88;96m#[38;2;52;76;82m#[38;2;48;74;80m#[38;2;52;71;76m#[38;2;56;74;80m#[38;2;68;85;91m#[38;2;50;70;76m#[38;2;57;82;88m#[38;2;49;73;79m#[38;2;90;117;123m*[38;2;95;140;145m+[38;2;58;174;178m+[38;2;15;207;207m=[0m        [38;2;81;151;159m+[38;2;119;175;179m=[38;2;37;103;116m#[38;2;151;203;203m-[38;2;177;223;220m:[38;2;168;224;224m:[38;2;132;185;187m=[38;2;57;109;119m*[38;2;103;151;151m+[0m
   [38;2;113;174;177m=[38;2;58;129;142m*[38;2;126;191;194m-[38;2;136;193;194m-[38;2;141;197;199m-[38;2;93;162;170m=[38;2;27;96;117m#[0m       [38;2;106;182;186m=[38;2;168;180;185m-[38;2;167;183;187m-[38;2;174;185;191m-[38;2;166;182;187m-[38;2;164;186;190m-[38;2;216;229;227m:[38;2;227;235;230m.[0m [38;2;242;238;232m.[0m           [38;2;108;168;173m=[38;2;133;182;185m=[38;2;85;146;154m+[38;2;172;220;219m:[38;2;163;214;214m:[38;2;160;205;205m-[38;2;89;144;151m+[38;2;107;157;164m=[0m
  [38;2;143;190;190m-[38;2;116;173;176m=[38;2;35;106;120m*[38;2;110;183;191m=[38;2;152;203;204m-[38;2;102;170;177m=[38;2;143;205;209m-[38;2;68;133;145m+[0m        [38;2;188;158;164m=[38;2;185;165;171m-[38;2;171;152;158m=[38;2;138;123;129m+[38;2;137;134;135m+[38;2;193;204;198m:[38;2;192;200;193m-[38;2;170;179;175m-[38;2;154;154;146m=[0m           [38;2;58;129;138m*[38;2;139;191;193m-[38;2;96;150;158m+[38;2;140;196;200m-[38;2;168;212;212m:[38;2;156;205;207m-[38;2;136;183;185m=[38;2;131;174;182m=[0m
  [38;2;166;202;202m-[38;2;147;193;193m-[0m [38;2;68;144;156m+[38;2;148;209;215m-[38;2;144;196;199m-[38;2;104;172;181m=[38;2;110;172;179m=[0m         [38;2;58;58;61m#[38;2;80;76;78m#[38;2;63;56;59m#[38;2;81;73;75m#[38;2;99;92;92m*[38;2;98;91;93m*[38;2;76;67;70m#[0m             [38;2;122;178;184m=[38;2;134;171;174m=[38;2;135;188;193m-[38;2;138;196;201m-[38;2;180;225;226m:[38;2;161;196;198m-[0m
   [38;2;170;204;204m-[38;2;143;184;189m-[0m [38;2;80;155;165m+[38;2;156;209;213m-[38;2;171;212;213m:[38;2;123;180;187m=[38;2;89;158;167m+[38;2;62;144;151m+[0m        [38;2;103;91;92m*[38;2;103;94;95m*[38;2;92;83;84m*[38;2;116;108;107m*[38;2;105;95;95m*[38;2;102;87;87m*[0m             [38;2;125;175;178m=[38;2;104;166;173m=[38;2;105;182;191m=[38;2;160;209;213m-[38;2;175;202;204m-[0m
    [38;2;136;182;186m=[38;2;93;157;165m+[0m [38;2;33;107;120m*[38;2;144;196;202m-[38;2;164;208;212m-[38;2;149;196;200m-[38;2;131;185;190m=[38;2;100;162;171m=[38;2;83;144;156m+[38;2;96;164;170m=[0m     [38;2;63;51;57m%[38;2;85;80;83m#[38;2;86;79;81m#[38;2;111;106;107m*[38;2;99;89;89m*[0m             [38;2;92;146;150m+[38;2;112;161;167m=[38;2;87;161;171m+[38;2;116;183;191m=[38;2;185;213;215m:[0m
         [38;2;73;142;154m+[38;2;113;172;178m=[38;2;141;195;200m-[38;2;165;210;214m-[38;2;153;194;197m-[0m      [38;2;59;51;51m%[38;2;60;52;56m%[38;2;66;58;61m#[38;2;93;85;86m*[38;2;98;91;92m*[38;2;83;74;77m#[0m           [38;2;71;118;124m*[38;2;81;125;129m*[38;2;95;159;165m+[38;2;72;142;152m+[38;2;139;190;195m-[38;2;191;213;215m:[0m
          [38;2;142;178;180m=[0m [38;2;132;188;195m-[38;2;137;185;190m-[0m       [38;2;53;47;52m%[38;2;61;55;59m#[38;2;81;76;78m#[38;2;88;82;85m#[38;2;76;71;73m#[0m          [38;2;67;105;112m*[0m    [38;2;116;173;179m=[38;2;140;186;190m-[0m
          [38;2;172;179;179m-[0m [38;2;127;157;165m=[38;2;127;171;175m=[0m       [38;2;39;37;44m%[38;2;51;50;56m%[38;2;69;67;72m#[38;2;68;65;69m#[0m                 [38;2;90;164;171m=[38;2;64;145;153m+[0m
            [38;2;121;156;159m=[0m         [38;2;45;45;52m%[38;2;62;63;70m#[38;2;54;51;59m%[0m                  [38;2;58;150;163m+[0m
                      [38;2;45;46;54m%[38;2;40;40;47m%[0m
                     [38;2;37;37;43m%[38;2;47;50;58m%[38;2;31;32;39m%[38;2;27;17;20m@[0m
                     [38;2;41;41;48m%[38;2;47;49;57m%[38;2;34;38;45m%[38;2;24;43;51m%[0m
                    [38;2;24;62;74m%[38;2;39;58;68m%[38;2;42;57;65m%[38;2;30;60;68m%[0m
