                              [38;2;161;77;99m*[38;2;121;53;75m#[38;2;61;53;57m%[38;2;129;157;157m=[38;2;147;203;203m-[38;2;130;189;189m-[38;2;125;188;188m=[38;2;120;185;186m=[38;2;119;185;187m=[38;2;114;179;181m=[38;2;114;166;166m=[0m [38;2;82;30;45m%[38;2;125;64;83m#[0m
                            [38;2;144;38;55m#[38;2;118;85;103m*[38;2;99;115;126m*[38;2;161;203;205m-[38;2;192;231;230m:[38;2;185;232;231m:[38;2;181;229;228m:[38;2;187;236;235m:[38;2;166;228;228m:[38;2;169;230;228m:[38;2;158;222;221m:[38;2;147;215;214m-[38;2;131;197;198m-[38;2;107;170;172m=[38;2;63;62;70m#[38;2;146;80;105m*[0m
                           [38;2;137;192;192m-[38;2;73;118;129m*[38;2;56;78;90m#[38;2;86;159;163m+[38;2;161;226;226m:[38;2;143;208;209m-[38;2;196;220;218m:[38;2;183;207;206m:[38;2;156;218;217m:[38;2;136;190;193m-[38;2;147;205;206m-[38;2;148;214;215m-[38;2;115;190;194m=[38;2;143;209;208m-[38;2;138;214;215m-[38;2;73;133;140m+[38;2;118;59;81m#[38;2;83;138;148m+[38;2;112;183;183m=[0m
                         [38;2;192;209;213m:[38;2;191;227;229m:[38;2;130;198;202m-[38;2;38;140;155m*[38;2;54;126;136m*[38;2;102;166;172m=[38;2;132;190;191m-[38;2;130;154;159m=[38;2;172;185;184m-[38;2;217;219;214m:[38;2;137;189;191m-[38;2;183;203;201m-[38;2;190;200;199m-[38;2;146;177;179m=[38;2;76;144;152m+[38;2;139;200;199m-[38;2;158;223;220m:[38;2;88;129;135m+[38;2;43;86;100m#[38;2;64;147;157m+[38;2;108;179;183m=[38;2;141;195;197m-[0m
                        [38;2;135;192;192m-[38;2;165;219;219m:[38;2;149;213;215m-[38;2;55;150;163m+[38;2;33;113;127m*[38;2;48;118;128m*[38;2;53;104;113m*[38;2;128;155;158m=[38;2;221;214;211m:[38;2;158;189;190m-[38;2;237;234;226m.[38;2;225;232;225m.[38;2;215;223;217m:[38;2;200;208;206m:[38;2;121;153;159m=[38;2;141;172;176m=[38;2;131;194;194m-[38;2;102;168;175m=[38;2;112;171;171m=[38;2;21;112;125m*[38;2;67;156;166m+[38;2;81;156;164m+[38;2;161;219;221m:[38;2;203;230;231m:[0m
                       [38;2;133;194;194m-[38;2;155;220;217m:[38;2;123;199;201m-[38;2;45;136;150m*[38;2;24;114;129m*[0m   [38;2;83;102;107m*[38;2;212;203;196m:[0m [38;2;245;225;216m.[38;2;245;212;202m:[38;2;251;236;224m.[0m [38;2;247;244;237m.[38;2;130;168;169m=[38;2;87;87;97m*[38;2;66;82;92m#[0m  [38;2;34;114;127m*[38;2;49;144;157m+[38;2;77;154;163m+[38;2;168;225;225m:[38;2;156;208;207m-[0m
                     [38;2;52;112;120m*[38;2;112;183;183m=[38;2;147;217;214m-[38;2;101;179;183m=[38;2;37;127;141m*[38;2;5;97;113m#[0m      [38;2;164;177;177m-[38;2;227;199;198m:[38;2;243;212;208m:[38;2;225;205;205m:[38;2;182;178;177m-[38;2;118;162;158m=[0m     [38;2;29;81;92m#[38;2;30;102;115m#[38;2;7;108;124m#[38;2;79;162;169m+[38;2;152;220;217m:[38;2;129;190;190m-[0m
                    [38;2;26;102;116m#[38;2;93;172;174m=[38;2;126;204;202m-[38;2;68;154;161m+[38;2;9;98;114m#[0m     [38;2;240;240;229m.[38;2;239;226;220m.[38;2;183;212;222m:[38;2;118;183;201m=[38;2;73;167;181m+[38;2;104;162;180m=[38;2;181;186;216m-[38;2;133;166;196m=[38;2;166;177;200m-[38;2;240;218;214m:[38;2;239;239;239m.[0m    [38;2;66;114;121m*[38;2;78;121;127m*[38;2;22;108;122m#[38;2;99;176;181m=[38;2;142;215;212m-[38;2;108;172;172m=[0m
                   [38;2;3;85;102m#[38;2;74;158;164m+[38;2;97;184;188m=[38;2;42;121;133m*[38;2;10;83;98m#[0m     [38;2;241;231;221m.[0m   [38;2;118;218;224m-[38;2;48;176;189m+[38;2;199;226;234m:[38;2;210;238;242m.[38;2;232;250;255m.[0m  [38;2;253;249;240m.[38;2;244;236;230m.[38;2;195;170;170m-[0m  [38;2;42;102;110m#[38;2;75;135;140m+[0m [38;2;30;111;125m*[38;2;109;191;192m=[38;2;120;193;192m-[38;2;82;142;145m+[0m
                  [38;2;6;88;100m#[38;2;61;149;158m+[38;2;72;159;167m+[38;2;17;99;115m#[38;2;14;65;80m%[38;2;35;88;94m#[0m    [38;2;197;202;202m:[38;2;248;239;233m.[0m  [38;2;179;233;235m:[38;2;25;189;196m+[38;2;202;223;232m:[0m   [38;2;243;231;223m.[38;2;243;226;219m.[0m [38;2;255;217;224m.[38;2;246;155;181m-[0m   [38;2;41;98;109m#[38;2;71;135;141m+[38;2;59;119;127m*[38;2;41;128;140m*[38;2;105;185;187m=[38;2;103;172;173m=[38;2;23;95;107m#[0m
                 [38;2;73;124;127m*[38;2;87;169;174m=[38;2;59;146;156m+[38;2;3;82;96m#[38;2;34;81;88m#[38;2;35;89;98m#[0m    [38;2;87;63;71m#[38;2;64;73;79m#[38;2;166;174;181m-[0m [38;2;221;241;243m.[38;2;28;195;201m=[38;2;100;197;206m=[0m    [38;2;222;212;224m:[38;2;189;166;180m-[38;2;212;201;199m:[38;2;192;213;210m:[38;2;152;172;175m=[38;2;114;134;134m+[38;2;92;77;81m#[0m  [38;2;37;100;111m#[38;2;67;136;144m+[38;2;46;122;134m*[38;2;48;135;148m*[38;2;113;185;186m=[38;2;73;154;162m+[38;2;32;121;135m*[0m
                [38;2;130;187;185m=[38;2;114;186;186m=[38;2;55;144;155m+[38;2;0;58;79m%[38;2;43;90;100m#[38;2;34;91;98m#[0m     [38;2;72;61;67m#[38;2;67;52;56m#[38;2;140;137;142m+[0m [38;2;116;224;227m-[38;2;9;197;202m+[38;2;152;215;222m-[0m   [38;2;240;243;252m.[38;2;192;195;226m-[38;2;163;168;204m-[0m [38;2;69;75;80m#[38;2;98;90;89m*[38;2;117;105;104m*[38;2;111;102;101m*[38;2;103;94;94m*[0m   [38;2;53;124;135m*[38;2;46;126;140m*[38;2;64;149;160m+[38;2;113;181;183m=[38;2;54;146;160m+[38;2;69;151;161m+[38;2;69;148;157m+[0m
              [38;2;102;158;158m+[38;2;124;191;187m-[38;2;119;197;197m-[38;2;44;136;149m*[38;2;7;76;91m#[38;2;44;101;109m#[38;2;34;95;106m#[0m      [38;2;78;66;71m#[38;2;70;58;61m#[38;2;137;131;138m+[38;2;230;237;240m.[38;2;54;158;164m+[38;2;28;185;191m+[38;2;152;218;226m:[0m   [38;2;211;213;237m:[38;2;168;170;198m-[0m   [38;2;79;68;70m#[38;2;91;82;83m#[38;2;112;102;102m*[38;2;113;103;103m*[38;2;101;91;92m*[38;2;82;75;78m#[0m  [38;2;53;111;120m*[38;2;51;130;143m*[38;2;85;166;175m=[38;2;77;149;158m+[38;2;55;142;156m+[38;2;85;167;176m=[38;2;86;163;169m+[38;2;75;154;162m+[38;2;20;110;125m#[0m
             [38;2;100;169;171m=[38;2;111;184;184m=[38;2;116;192;192m=[38;2;43;135;150m*[38;2;32;106;120m*[38;2;46;106;116m*[38;2;40;102;111m#[0m      [38;2;87;83;85m#[38;2;99;89;91m*[38;2;67;59;61m#[38;2;168;159;170m=[38;2;200;236;239m:[38;2;31;159;166m+[38;2;28;184;190m+[38;2;132;211;217m-[0m [38;2;240;244;246m.[38;2;233;235;248m.[38;2;169;170;201m-[0m     [38;2;48;37;37m%[38;2;72;63;65m#[38;2;95;86;88m*[38;2;110;101;101m*[38;2;94;86;87m*[38;2;101;115;120m*[38;2;120;155;161m=[0m  [38;2;58;135;146m*[38;2;81;160;170m+[38;2;61;135;147m+[38;2;71;154;165m+[38;2;91;169;176m=[38;2;105;179;183m=[38;2;114;182;184m=[38;2;93;164;170m=[38;2;59;130;138m*[0m
           [38;2;140;184;178m-[38;2;85;162;166m+[38;2;100;182;186m=[38;2;132;197;194m-[38;2;67;151;162m+[38;2;41;125;140m*[38;2;49;112;122m*[38;2;39;103;119m*[0m     [38;2;141;154;154m=[38;2;106;105;106m*[38;2;101;97;99m*[38;2;80;72;73m#[38;2;92;90;98m*[38;2;238;234;242m.[38;2;202;241;243m.[38;2;34;213;217m=[38;2;33;219;222m=[38;2;90;186;198m=[0m   [38;2;232;234;245m.[38;2;200;201;220m:[38;2;153;153;183m=[0m     [38;2;62;54;57m#[38;2;81;74;77m#[38;2;87;81;83m#[38;2;87;85;89m*[38;2;88;99;105m*[38;2;86;108;115m*[38;2;94;127;133m+[38;2;98;147;156m+[38;2;64;142;155m+[38;2;64;138;149m+[38;2;55;129;140m*[38;2;69;149;160m+[38;2;81;162;173m+[38;2;96;166;172m=[38;2;142;204;202m-[38;2;123;192;195m-[38;2;85;155;162m+[38;2;93;157;161m+[38;2;127;171;167m=[0m
          [38;2;111;170;170m=[38;2;81;157;164m+[38;2;92;173;180m=[38;2;136;199;196m-[38;2;122;189;190m=[38;2;58;143;155m+[38;2;48;121;133m*[0m      [38;2;90;136;141m+[38;2;77;88;95m*[38;2;72;68;73m#[38;2;58;56;60m#[38;2;71;68;73m#[38;2;223;224;227m:[0m  [38;2;114;167;171m=[38;2;31;104;113m#[38;2;218;227;237m:[0m     [38;2;234;236;244m.[38;2;232;236;240m.[38;2;215;215;219m:[0m    [38;2;41;38;43m%[38;2;50;48;54m%[38;2;58;57;63m#[38;2;55;53;59m%[38;2;56;57;64m#[38;2;64;75;83m#[38;2;72;91;100m*[38;2;76;102;110m*[38;2;85;142;151m+[38;2;86;134;142m+[0m [38;2;71;146;158m+[38;2;74;150;161m+[38;2;89;166;176m=[38;2;139;196;196m-[38;2;138;199;200m-[38;2;93;172;180m=[38;2;82;152;159m+[38;2;92;148;154m+[38;2;136;170;170m=[38;2;160;189;182m-[0m
         [38;2;104;163;163m=[38;2;75;144;150m+[38;2;116;186;188m=[38;2;145;204;201m-[38;2;134;196;195m-[38;2;95;174;182m=[38;2;48;121;134m*[0m     [38;2;112;176;186m=[38;2;75;108;115m*[38;2;57;67;75m#[38;2;47;48;55m%[38;2;45;47;54m%[38;2;50;47;55m%[38;2;203;205;208m:[0m   [38;2;83;73;78m#[38;2;12;1;9m@[38;2;147;146;149m=[0m        [38;2;240;255;255m.[38;2;142;185;189m-[0m   [38;2;19;6;12m@[38;2;32;31;38m%[38;2;40;40;48m%[38;2;47;48;56m%[38;2;46;43;51m%[38;2;45;42;50m%[38;2;46;50;59m%[38;2;42;45;53m%[38;2;56;70;78m#[38;2;63;101;110m*[38;2;27;64;71m%[38;2;0;93;105m#[38;2;55;138;151m+[38;2;76;154;165m+[38;2;138;196;197m-[38;2;167;216;211m:[38;2;133;195;196m-[38;2;104;175;181m=[38;2;76;149;158m+[38;2;94;144;149m+[38;2;152;182;178m-[38;2;127;168;168m=[0m
        [38;2;110;171;169m=[38;2;72;139;145m+[38;2;118;186;187m=[38;2;151;209;205m-[38;2;143;201;199m-[38;2;97;168;174m=[38;2;75;151;162m+[38;2;40;100;110m#[0m    [38;2;68;99;107m*[38;2;53;64;73m#[38;2;40;38;46m%[38;2;43;38;46m%[38;2;46;44;52m%[38;2;17;19;27m@[38;2;160;179;185m-[0m   [38;2;213;215;219m:[38;2;41;44;51m%[38;2;44;49;57m%[38;2;32;34;43m%[38;2;140;141;145m+[0m     [38;2;213;238;240m.[38;2;144;182;186m-[38;2;80;111;117m*[38;2;53;70;77m#[38;2;56;58;65m#[38;2;91;76;80m#[38;2;67;57;62m#[0m  [38;2;23;18;27m@[38;2;29;34;41m%[38;2;34;60;69m%[38;2;39;72;80m#[38;2;69;98;104m*[38;2;135;153;157m=[38;2;166;182;181m-[38;2;160;177;178m-[38;2;159;176;179m-[38;2;215;202;202m:[38;2;255;208;205m:[38;2;102;148;155m+[38;2;61;138;151m+[38;2;132;194;197m-[38;2;175;222;216m:[38;2;161;213;209m-[38;2;148;209;209m-[38;2;95;168;175m=[38;2;49;115;125m*[38;2;153;180;180m-[38;2;132;168;168m=[0m
       [38;2;116;178;178m=[38;2;87;147;152m+[38;2;113;180;182m=[38;2;145;209;207m-[38;2;157;210;207m-[38;2;132;191;192m-[38;2;75;155;166m+[38;2;71;141;152m+[0m   [38;2;58;138;145m+[38;2;83;121;126m*[38;2;86;113;120m*[38;2;73;90;97m*[38;2;69;89;96m#[38;2;42;65;73m#[38;2;28;49;57m%[38;2;26;31;39m%[38;2;52;76;82m#[38;2;152;182;185m-[38;2;212;232;234m:[0m [38;2;155;161;172m=[38;2;43;43;49m%[38;2;57;58;65m#[38;2;60;61;68m#[38;2;36;37;44m%[38;2;126;125;129m+[38;2;221;233;240m.[38;2;165;194;210m-[38;2;125;160;172m=[38;2;93;128;134m+[38;2;53;76;82m#[38;2;42;48;54m%[38;2;63;57;63m#[38;2;75;62;68m#[38;2;78;79;86m#[38;2;95;111;119m*[38;2;49;145;151m+[38;2;40;188;193m=[0m       [38;2;255;247;237m.[38;2;241;230;224m.[38;2;166;154;162m=[38;2;138;160;168m=[38;2;139;165;173m=[38;2;130;124;130m+[0m [38;2;63;132;145m*[38;2;143;203;206m-[38;2;174;220;216m:[38;2;163;212;209m-[38;2;167;221;218m:[38;2;120;185;188m=[38;2;33;104;117m#[38;2;157;187;187m-[38;2;132;165;168m=[0m
      [38;2;125;182;182m=[38;2;100;163;165m=[38;2;122;178;178m=[38;2;138;208;210m-[38;2;148;204;202m-[38;2;159;212;208m-[38;2;121;184;186m=[38;2;69;152;165m+[38;2;71;138;149m+[0m  [38;2;221;204;201m:[38;2;200;187;189m-[38;2;216;209;208m:[38;2;219;204;206m:[38;2;199;193;199m-[38;2;175;192;195m-[0m [38;2;15;110;125m#[38;2;51;69;77m#[38;2;54;41;48m%[38;2;52;49;55m%[38;2;55;62;68m#[38;2;83;100;105m*[38;2;77;84;91m#[38;2;67;63;69m#[38;2;63;60;66m#[38;2;70;67;73m#[38;2;73;71;77m#[38;2;54;50;55m%[38;2;77;87;92m#[38;2;69;81;87m#[38;2;51;48;53m%[38;2;57;48;53m%[38;2;91;82;88m*[38;2;75;77;81m#[38;2;70;87;93m#[38;2;83;135;141m+[38;2;50;155;160m+[38;2;34;162;170m+[38;2;33;205;210m=[0m           [38;2;0;67;82m%[38;2;67;145;155m+[38;2;110;178;184m=[38;2;81;138;147m+[0m [38;2;81;142;151m+[38;2;165;220;220m:[38;2;172;217;214m:[38;2;158;208;207m-[38;2;168;220;217m:[38;2;136;192;194m-[0m  [38;2;85;135;144m+[0m
     [38;2;119;174;174m=[38;2;111;174;176m=[0m [38;2;118;181;184m=[38;2;132;195;197m-[38;2;151;205;203m-[38;2;146;202;201m-[38;2;133;190;193m-[38;2;66;150;164m+[38;2;70;135;147m+[0m  [38;2;181;159;164m=[38;2;192;172;175m-[38;2;159;133;140m+[0m     [38;2;28;129;141m*[38;2;64;125;132m*[38;2;75;115;121m*[38;2;58;82;88m#[38;2;49;68;74m#[38;2;54;71;76m#[38;2;57;73;78m#[38;2;51;67;72m#[38;2;68;89;96m#[38;2;79;97;102m*[38;2;66;83;88m#[38;2;61;83;89m#[38;2;80;106;113m*[38;2;66;103;108m*[38;2;58;106;112m*[38;2;80;134;141m+[38;2;104;162;168m=[38;2;95;170;175m=[38;2;24;189;196m+[0m                [38;2;87;153;162m+[38;2;141;199;201m-[38;2;92;146;154m+[38;2;32;100;114m#[38;2;122;176;179m=[38;2;180;230;228m:[38;2;172;217;215m:[38;2;151;203;203m-[38;2;174;226;225m:[38;2;131;182;184m=[0m [38;2;86;141;147m+[38;2;102;152;156m+[0m
     [38;2;114;175;177m=[38;2;73;141;147m+[38;2;79;143;151m+[38;2;113;185;191m=[38;2;143;201;200m-[38;2;142;199;198m-[38;2;126;186;189m=[38;2;162;211;210m-[38;2;75;157;170m+[38;2;68;135;146m+[0m            [38;2;22;199;205m=[38;2;115;174;178m=[38;2;144;191;196m-[38;2;122;173;179m=[38;2;120;171;176m=[38;2;116;167;172m=[38;2;135;175;181m=[38;2;122;171;176m=[38;2;86;157;163m+[38;2;142;176;182m=[38;2;161;190;193m-[38;2;179;203;204m-[38;2;199;212;212m:[38;2;223;222;218m:[0m [38;2;246;213;209m:[0m                 [38;2;24;86;101m#[38;2;100;170;177m=[38;2;169;213;211m:[38;2;76;135;146m+[38;2;63;129;139m*[38;2;154;202;202m-[38;2;174;221;219m:[38;2;170;215;213m:[38;2;140;196;198m-[38;2;176;224;222m:[38;2;124;171;171m=[38;2;76;132;143m+[38;2;106;155;161m+[0m
    [38;2;140;190;187m-[38;2;108;171;176m=[0m [38;2;79;144;153m+[38;2;107;182;190m=[38;2;147;201;202m-[38;2;151;203;204m-[38;2;78;153;163m+[38;2;177;221;219m:[38;2;109;181;188m=[38;2;60;133;144m*[0m              [38;2;227;186;192m:[38;2;239;198;203m:[38;2;231;191;196m:[38;2;234;193;198m:[38;2;238;196;201m:[38;2;233;194;198m:[38;2;210;168;176m-[38;2;255;236;231m.[0m    [38;2;252;250;240m.[38;2;209;202;196m:[0m                  [38;2;51;116;128m*[38;2;146;214;218m-[38;2;198;224;220m:[38;2;41;112;126m*[38;2;113;173;179m=[38;2;154;205;206m-[38;2;181;221;218m:[38;2;142;196;199m-[38;2;178;228;228m:[38;2;170;204;202m-[38;2;72;140;150m+[38;2;126;175;179m=[0m
    [38;2;148;195;195m-[38;2;102;164;170m=[0m [38;2;73;137;149m+[38;2;94;173;183m=[38;2;128;187;190m=[38;2;174;219;216m:[38;2;80;155;165m+[38;2;116;179;184m=[38;2;167;215;215m:[38;2;75;146;157m+[0m              [38;2;154;147;154m=[38;2;168;164;170m=[38;2;165;161;167m=[38;2;158;154;161m=[38;2;143;144;151m=[38;2;120;125;131m+[38;2;79;85;90m#[38;2;136;159;158m=[38;2;167;195;190m-[38;2;175;198;194m-[38;2;171;194;190m-[38;2;162;188;186m-[38;2;122;144;144m+[0m                    [38;2;88;158;166m+[38;2;166;212;212m-[0m [38;2;96;159;168m+[38;2;141;200;205m-[38;2;185;221;220m:[38;2;144;197;201m-[38;2;171;219;220m:[38;2;154;195;197m-[38;2;116;170;177m=[38;2;164;187;187m-[0m
    [38;2;164;205;203m-[38;2;124;177;181m=[0m  [38;2;75;149;160m+[38;2;96;175;186m=[38;2;179;218;216m:[38;2;145;199;201m-[38;2;71;146;157m+[38;2;125;188;194m=[38;2;148;206;210m-[38;2;72;131;140m+[0m              [38;2;51;53;56m%[38;2;75;74;78m#[38;2;66;65;68m#[38;2;64;59;62m#[38;2;68;59;62m#[38;2;71;59;62m#[38;2;95;86;86m*[38;2;100;94;94m*[38;2;96;93;93m*[38;2;90;86;87m*[38;2;94;85;86m*[38;2;61;42;46m%[0m                    [38;2;66;137;149m+[38;2;159;218;222m:[38;2;231;219;207m:[38;2;57;124;135m*[38;2;150;209;214m-[38;2;186;221;220m:[38;2;113;180;187m=[38;2;169;212;212m:[38;2;167;214;217m:[38;2;158;193;195m-[0m
    [38;2;175;207;207m-[38;2;162;203;203m-[0m  [38;2;79;135;143m+[38;2;75;154;165m+[38;2;125;192;200m-[38;2;185;222;221m:[38;2;149;196;198m-[38;2;68;140;151m+[38;2;111;184;192m=[38;2;122;183;189m=[0m               [38;2;78;65;67m#[38;2;103;93;94m*[38;2;90;79;81m#[38;2;78;69;72m#[38;2;77;68;71m#[38;2;108;99;99m*[38;2;114;105;103m*[38;2;109;98;98m*[38;2;110;99;100m*[38;2;99;88;89m*[0m                     [38;2;58;128;140m*[38;2;145;205;211m-[38;2;231;208;193m:[38;2;80;147;157m+[38;2;168;220;222m:[38;2;119;184;191m=[38;2;124;186;193m=[38;2;212;243;242m.[38;2;165;199;201m-[0m
     [38;2;177;210;210m:[38;2;157;197;198m-[0m   [38;2;77;153;165m+[38;2;122;184;191m=[38;2;193;236;236m:[38;2;189;221;220m:[38;2;101;153;160m+[38;2;88;172;185m=[38;2;98;170;181m=[38;2;101;165;174m=[0m              [38;2;89;80;82m#[38;2;116;106;106m*[38;2;95;84;85m*[38;2;74;64;67m#[38;2;105;95;94m*[38;2;112;101;100m*[38;2;105;96;96m*[38;2;103;93;94m*[38;2;85;72;72m#[0m                     [38;2;70;145;156m+[38;2;136;186;190m-[38;2;97;136;139m+[38;2;106;179;188m=[38;2;110;180;189m=[38;2;106;177;186m=[38;2;202;234;234m:[38;2;160;196;198m-[0m
      [38;2;169;199;202m-[38;2;129;177;182m=[38;2;91;154;163m+[0m  [38;2;47;132;148m*[38;2;105;172;179m=[38;2;170;217;219m:[38;2;201;231;230m:[38;2;203;221;219m:[38;2;125;183;192m=[38;2;92;168;179m=[38;2;88;166;177m=[38;2;99;168;179m=[38;2;107;161;174m=[0m            [38;2;95;84;85m*[38;2;111;112;112m*[38;2;81;71;74m#[38;2;104;101;101m*[38;2;107;108;108m*[38;2;115;104;103m*[38;2;98;88;89m*[0m                      [38;2;105;164;171m=[38;2;134;170;173m=[38;2;88;159;168m+[38;2;101;178;188m=[38;2;89;165;176m=[38;2;173;219;222m:[38;2;193;212;212m:[0m
        [38;2;95;156;165m+[38;2;88;151;160m+[38;2;83;143;151m+[0m  [38;2;57;127;140m*[38;2;121;182;188m=[38;2;164;219;223m:[38;2;168;208;210m-[38;2;174;209;211m:[38;2;156;202;205m-[38;2;97;162;169m=[38;2;85;159;170m+[38;2;97;161;170m=[38;2;97;163;171m=[38;2;94;160;168m+[38;2;90;153;164m+[38;2;79;135;143m+[0m       [38;2;65;53;57m#[38;2;86;83;87m#[38;2;74;62;66m#[38;2;96;91;92m*[38;2;106;103;104m*[38;2;107;96;97m*[38;2;95;86;87m*[0m                     [38;2;80;140;148m+[38;2;114;162;166m=[38;2;102;147;150m+[38;2;98;173;184m=[38;2;88;150;159m+[38;2;108;179;187m=[38;2;195;228;229m:[38;2;186;190;194m-[0m
           [38;2;87;143;149m+[38;2;87;143;151m+[0m  [38;2;81;150;158m+[38;2;97;161;168m=[38;2;122;184;190m=[38;2;148;202;207m-[38;2;180;218;219m:[38;2;175;202;202m-[0m            [38;2;62;55;59m#[38;2;71;61;65m#[38;2;65;56;60m#[38;2;70;61;64m#[38;2;100;91;91m*[38;2;95;88;89m*[38;2;102;94;95m*[38;2;80;73;75m#[0m                  [38;2;74;115;123m*[38;2;72;122;132m*[38;2;81;127;134m+[38;2;104;145;150m+[38;2;74;143;155m+[38;2;97;165;174m=[38;2;49;120;127m*[38;2;127;191;198m-[38;2;193;215;216m:[0m
                [38;2;120;174;180m=[38;2;71;130;137m*[38;2;42;133;145m*[38;2;117;181;188m=[38;2;195;245;248m.[38;2;153;192;195m-[0m           [38;2;56;48;52m%[38;2;66;59;64m#[38;2;58;51;55m%[38;2;69;62;65m#[38;2;93;86;88m*[38;2;90;82;85m#[38;2;94;88;89m*[38;2;83;74;77m#[0m                [38;2;71;119;119m*[38;2;69;123;131m*[38;2;67;112;120m*[38;2;65;103;108m*[0m   [38;2;91;150;155m+[38;2;68;126;134m*[38;2;126;186;193m=[38;2;187;212;213m:[0m
                [38;2;153;185;188m-[38;2;124;172;176m=[0m  [38;2;123;182;188m=[38;2;153;203;206m-[38;2;105;153;160m+[0m          [38;2;51;45;45m%[38;2;57;51;56m%[38;2;52;46;50m%[38;2;67;61;64m#[38;2;84;79;82m#[38;2;80;76;78m#[38;2;86;81;84m#[38;2;77;71;74m#[0m                 [38;2;67;100;107m*[38;2;72;109;116m*[0m     [38;2;75;124;130m*[38;2;100;164;173m=[38;2;155;201;205m-[0m
                [38;2;171;186;189m-[38;2;172;191;191m-[0m  [38;2;131;170;173m=[38;2;119;168;172m=[38;2;104;150;156m+[0m           [38;2;48;44;49m%[38;2;46;45;51m%[38;2;59;56;62m#[38;2;73;70;74m#[38;2;72;68;72m#[38;2;78;73;77m#[38;2;66;62;66m#[0m               [38;2;58;87;94m#[38;2;67;107;114m*[0m         [38;2;109;177;184m=[38;2;95;156;163m+[0m
                    [38;2;131;170;174m=[38;2;145;185;189m-[0m            [38;2;41;38;45m%[38;2;43;41;48m%[38;2;54;54;60m%[38;2;62;63;68m#[38;2;70;69;74m#[38;2;63;60;64m#[0m                            [38;2;79;167;177m=[38;2;64;158;170m+[0m
                    [38;2;135;169;173m=[38;2;183;199;199m-[0m             [38;2;39;36;43m%[38;2;54;55;62m%[38;2;60;60;66m#[38;2;61;60;66m#[38;2;51;45;51m%[0m                             [38;2;55;153;162m+[38;2;41;133;144m*[38;2;37;97;105m#[0m
                   [38;2;81;124;130m*[0m               [38;2;39;38;44m%[38;2;52;54;62m%[38;2;54;56;63m%[38;2;46;43;48m%[0m
                                   [38;2;42;42;49m%[38;2;48;51;59m%[38;2;40;40;47m%[38;2;23;15;19m@[0m
                                  [38;2;38;35;43m%[38;2;46;46;55m%[38;2;44;45;53m%[38;2;33;33;40m%[38;2;26;24;31m@[0m
                                  [38;2;36;34;41m%[38;2;46;51;59m%[38;2;42;44;52m%[38;2;31;38;45m%[38;2;28;26;32m@[0m
                                 [38;2;34;26;28m%[38;2;44;43;51m%[38;2;43;55;64m%[38;2;44;48;55m%[38;2;32;28;35m%[38;2;31;37;45m%[38;2;25;46;56m%[0m
                                 [38;2;32;46;54m%[38;2;48;49;57m%[38;2;44;40;48m%[38;2;47;46;54m%[38;2;32;43;51m%[38;2;18;77;89m#[38;2;17;110;127m#[0m
                                 [38;2;21;94;105m#[38;2;35;73;83m#[38;2;39;65;74m#[38;2;36;71;79m#[38;2;24;82;92m#[0m